,Afrikaans,Albanian,Amharic,Arabic,Armenian,Azerbaijani,Basque,Belarusian,Bengali,Bulgarian,Catalan,Cebuano,Chinese,Croatian,Czech,Danish,Dutch,English,Esperanto,Estonian,Finnish,French,Galician,Georgian,German,Greek,Gujarati,Haitian,Hebrew,Hindi,Hungarian,Icelandic,Indonesian,Italian,Japanese,Javanese,Kannada,Kazakh,Khmer,Kirghiz,Kurdish (Kurmanji),Latin,Latvian,Lithuanian,Luxembourgish,Macedonian,Malagasy,Malay,Malayalam,Maltese,Marathi,Mongolian,Nepali,Norwegian (Bokmål),Pashto,Persian,Polish,Portuguese,Romanian,Russian,Scottish Gaelic,Serbian,Sindhi,Slovak,Slovenian,Somali,Spanish,Sundanese,Swahili,Swedish,Tajik,Tamil,Telugu,Thai,Turkish,Ukrainian,Urdu,Uzbek,Welsh,Yiddish,Yoruba
Afrikaans,1,0.235762137,0.273332241,0.083042375,0.167116166,0.133140325,-0.014643955,0.365308866,-0.012475067,0.375627117,0.338063357,-0.140385496,0.2602118,0.061050061,0.261251869,0.399308807,0.368202422,0.402968304,0.374945646,0.26755609,0.41190691,0.135580799,0.283220191,0.012384356,0.383293995,0.249884828,0.146347362,0.10840742,0.163752548,0.169379009,0.21271216,0.181618447,0.056119632,0.197398897,0.34423355,0.030329072,-0.021422175,0.085692878,0.37251015,0.081136244,-0.060555129,-0.104433961,0.454628073,0.357997028,0.26864581,0.177456261,-0.072020365,0.367523402,0.092750075,0.108146282,0.214528491,-0.207845782,0.045328012,0.530081834,0.138015008,-0.126402886,0.013436001,0.28357012,0.442551807,0.20750648,0.062599011,-0.088221867,0.039323208,0.275235001,0.072710099,-0.078180416,0.214911385,-0.052820522,0.131977666,0.427549951,0.108916964,0.064251604,-0.130689663,0.435011024,0.099256293,0.419746331,0.382637449,0.060339726,0.316048602,-0.057468804,0.357432184
Albanian,0.235762137,1,0.266245356,0.198858655,0.254672109,0.240231616,0.027807209,0.365382395,0.085827815,0.317019412,0.455232595,-0.222939588,0.239073803,-0.130769231,0.276584803,0.310635117,0.146942415,0.376445281,0.277690262,0.301648253,0.184327841,0.31617443,0.315071505,0.124642506,0.230485342,0.270782426,0.333731864,0.192101382,0.235972263,0.297169084,0.25049106,0.307470333,0.19170182,0.275356843,0.266277043,-0.077387998,0.275181724,0.324648814,0.126103786,0.316396602,0.082096025,0.303830647,0.243311668,0.456613509,0.18011586,0.324466558,0.023859935,0.057558267,0.337200168,0.043561116,0.327432331,-0.052730398,0.108534234,0.332356291,0.078439673,0.083752445,0.158406318,0.297395808,0.324829603,0.325841534,0.04645813,0.257346133,0.257157017,0.368435708,0.299131063,-0.038210308,0.270735104,-0.069229743,0.225312317,0.303249133,0.249966677,0.091638197,0.05152755,0.345242655,0.029619992,0.489731059,0.200657895,-0.068183119,0.226801278,-0.034251425,0.163304421
Amharic,0.273332241,0.266245356,1,0.084459643,0.149913363,0.226457154,0.128462662,0.146926733,0.080254424,-0.015552911,0.199391369,-0.01541106,0.221832846,0.103508772,-0.011320425,0.218506341,0.027046114,0.443585809,0.159624521,0.278268281,0.220990554,0.105481194,0.195567941,0.039082355,0.121136232,0.301242474,0.246670153,0.202251349,0.031995968,0.214685468,0.102874559,0.085008664,0.110394323,0.120518339,0.204369657,-0.090273158,0.248496048,0.084162326,0.096209032,0.020649863,0.138135175,0.103817165,0.155841602,0.138663846,0.068511437,0.170304264,0.273414044,0.173141784,0.116304106,0.28362611,0.179034387,0.180399607,0.395133038,0.303649235,0.105412282,0.13361793,-0.16984677,0.289236326,0.046098059,0.010005151,0.083983877,0.160490992,0.211344621,-0.007040399,0.13581133,0.220210172,0.187144493,0.182612679,0.074785302,0.199177487,0.106346913,0.190428191,0.240283012,0.147177419,0.251705537,0.237095153,0.065072882,-0.024255589,0.19236447,-0.19720897,0.315086782
Arabic,0.083042375,0.198858655,0.084459643,1,0.143106159,0.283737137,0.080734924,0.029071934,0.362851793,0.043817824,0.259174947,-0.27163515,-0.051725814,-0.366357069,0.087579789,0.103974406,0.092055467,0.18150735,0.20404327,0.080014027,0.007188989,0.300772974,0.204243257,0.11563766,0.133692225,0.174924244,0.102956031,-0.13441352,0.156863493,0.442834981,-0.084952804,0.180640795,-0.068503189,0.200713013,0.090243902,-0.089740031,0.163404358,0.161513763,0.097646292,0.042610711,0.070179598,0.257739182,0.022557122,-0.028580613,0.03966579,0.220684234,-0.070054667,0.140068713,0.279734836,0.127356112,0.237198613,0.166540007,0.191210058,0.071920758,0.544211168,0.338761331,0.061019624,0.338681396,0.110505808,-0.088687226,0.276059954,0.045438341,0.097308128,0.096716142,0.13677609,0.431012747,0.271364274,0.035101322,0.067008219,0.079488126,0.189944359,0.138054684,0.307719782,0.113560784,0.001093737,0.176927191,0.335137608,0.067871868,0.308258249,-0.120162061,0.227736107
Armenian,0.167116166,0.254672109,0.149913363,0.143106159,1,0.357070887,0.087030199,0.2112875,0.115974885,0.14100128,0.182755219,-0.182625591,0.340018293,0.26984127,0.180177086,0.239073439,0.041014475,0.350215299,0.182317367,0.379542182,0.303516022,0.23508378,0.119919545,0.296240736,0.065323252,0.140517499,0.034892331,-0.170497552,0.156621589,0.158830642,0.24298835,0.211977919,0.444404534,0.022600312,0.39230241,-0.036364775,0.228213504,0.400284563,0.132991913,0.262017589,0.00735944,0.077120045,0.237620967,0.249586355,0.120344692,0.196586259,0.182361086,0.016168434,0.434053437,0.111842105,0.069036162,0.139764618,0.028099279,0.202762549,0.058771255,0.101758392,0.107090415,0.328955097,0.051100928,0.097942391,-0.026052029,0.098847549,-0.026349052,0.259271579,0.242245841,0.004626283,0.079200977,0.244496855,0.054619407,0.27270367,0.274868573,0.355266266,0.139996982,0.437397383,0.148402977,0.207131881,0.158479906,0.260192898,0.140450936,0.093743624,0.115927419
Azerbaijani,0.133140325,0.240231616,0.226457154,0.283737137,0.357070887,1,-0.002900339,0.240193532,0.278710116,0.050392856,0.093193922,-0.144478117,0.17078277,0.095379296,0.094860099,0.267986959,0.141592211,0.354970702,0.123018203,0.425873145,0.327481117,0.144682949,0.194308951,0.336513667,0.110291549,0.066806543,0.196143479,-0.143552935,-0.082773656,0.212278107,0.118975026,0.24270953,0.33317688,0.246556556,0.379718714,-0.113339334,0.355417003,0.30284348,0.223540964,0.185403322,0.152767094,-0.037943373,0.25985138,0.177104585,0.045151068,0.280421639,0.174193715,-0.017002935,0.263740039,0.00175601,0.228353077,0.185437969,-0.08525009,0.223357892,0.331003486,0.171415,0.085637191,0.309058484,0.183333439,0.2099773,-0.132004617,0.286122102,-0.003075977,0.305904826,0.225365296,0.222288568,0.193573801,0.156951698,-0.131991499,0.301269168,0.199328554,0.23600898,0.214807034,0.205453468,0.280599695,0.261235071,0.224675994,0.140562329,0.306805994,-0.1448945,0.127434498
Basque,-0.014643955,0.027807209,0.128462662,0.080734924,0.087030199,-0.002900339,1,0.30894715,0.100051534,0.179744513,0.118628175,0.203812679,-0.010853639,0.42,0.14750672,0.260825112,0.127511193,0.256437605,0.20160602,0.126657619,0.153261016,0.181016569,0.139560359,0.090460436,0.013031602,-0.025422949,0.174100496,0.083749476,0.210806433,0.171332587,0.104078677,0.175122337,0.279605618,0.186336189,0.364431722,-0.153233584,0.044798568,0.071178256,0.140943143,-0.014570685,0.064299263,0.009481354,0.200927467,0.212077874,0.092965318,0.089980724,-0.135833695,-0.069292972,-0.025989208,0.288438214,0.100731989,0.27612939,0.23594462,0.166359338,0.174197344,0.169982372,0.174481872,0.155842329,0.155241122,0.242145805,0.153450518,0.133058094,-0.184664811,0.250580134,0.058889641,-0.019205835,0.151518471,0.171279964,0.132314938,0.113974817,0.214718698,0.080726476,0.100510569,0.293551979,0.309728681,0.198745027,0.253807994,0.05272002,0.092984509,-0.019091186,-0.082702979
Belarusian,0.365308866,0.365382395,0.146926733,0.029071934,0.2112875,0.240193532,0.30894715,1,0.162244124,0.482083215,0.327759064,-0.039202082,0.360633709,0.109589044,0.483841724,0.433487264,0.396676901,0.506841239,0.325910219,0.487249256,0.457134345,0.288232564,0.421827159,0.214311388,0.268392962,0.37301298,0.422309105,0.243469242,0.327495286,0.438347881,0.481516752,0.311475482,0.295672212,0.338158891,0.469629151,-0.207154459,0.254285267,0.140180109,0.423494606,0.168690901,0.174898613,0.100201399,0.503571483,0.518829005,0.266910979,0.422472591,-0.002307212,-0.011925696,0.292935567,0.268113559,0.149934208,0.138032638,0.07724279,0.459837332,0.009382049,0.116843238,0.401828065,0.318416233,0.423246044,0.561578649,0.153354544,0.303416131,0.013190517,0.520317543,0.267395017,0.070544698,0.211751403,-0.100285407,0.102641069,0.353832469,0.106975744,0.265528275,0.211829805,0.507883962,0.238876277,0.677605289,0.384040629,0.060682251,0.373243316,-0.008400941,0.018875134
Bengali,-0.012475067,0.085827815,0.080254424,0.362851793,0.115974885,0.278710116,0.100051534,0.162244124,1,-0.041075365,0.14675049,-0.278340491,0.112659756,-0.424901186,0.171247454,0.034943284,0.113593427,0.145732845,0.015362004,0.131617239,0.031545691,0.192010383,0.258139722,0.271634484,0.075026026,0.117019229,0.271601382,0.106319631,0.222273214,0.336908618,0.253785791,0.203604849,0.298418081,0.324248191,0.243404679,-0.350492672,0.287543706,0.206117356,0.085400405,0.153316316,0.14820517,0.01074029,0.125410302,0.048765978,0.243715716,0.244712268,0.077335551,-0.129943958,0.453505183,0.343201146,0.384542454,0.214091322,0.142362305,0.061744379,0.458979022,0.351639092,0.01928124,0.422484484,0.04154185,0.08357907,0.178806937,0.165473146,0.045451742,0.084386783,0.225857024,0.075412492,0.354756239,0.104316652,-0.014305925,-0.039051627,0.226155044,0.197565856,0.372651725,0.038961039,0.177171205,0.114415682,0.152958153,0.41309519,0.216484251,-0.013546748,-0.21186159
Bulgarian,0.375627117,0.317019412,-0.015552911,0.043817824,0.14100128,0.050392856,0.179744513,0.482083215,-0.041075365,1,0.478833877,-0.16523372,0.283745837,0.141180999,0.527859599,0.49474607,0.431581001,0.371992047,0.437265861,0.308821956,0.475920511,0.245649094,0.293907253,-0.024380772,0.478729009,0.411078166,0.218518135,0.011962745,0.281123138,0.227873,0.364515456,0.325685226,0.358549318,0.416815514,0.446526079,-0.108717277,-0.07947538,0.243143139,0.439086349,0.053685401,0.126317912,0.216202762,0.447099342,0.607153078,0.408963372,0.302772688,0.058497788,0.385985015,-0.028261644,0.105021601,-0.058324383,0.132624403,-0.009677419,0.506947928,-0.05362941,0.053208056,0.305995718,0.313744685,0.483012793,0.500076188,0.007641763,0.226506542,0.024240933,0.579083793,0.193078623,0.000185042,0.243597553,-0.180040323,0.362193691,0.481620356,0.165889671,0.204537981,-0.110552174,0.420983995,0.031653181,0.613640506,0.268437353,-0.134171332,0.246404797,-0.272316777,-0.008475764
Catalan,0.338063357,0.455232595,0.199391369,0.259174947,0.182755219,0.093193922,0.118628175,0.327759064,0.14675049,0.478833877,1,-0.248691782,0.184937614,0.316849817,0.422549484,0.334912452,0.333883623,0.323221166,0.35852225,0.203978777,0.302025836,0.234890766,0.525356593,0.015381734,0.460724001,0.225833691,0.421892586,-0.002432736,0.355433519,0.326110187,0.243347733,0.191554078,0.308640797,0.535876252,0.369744566,0.026595134,0.114125307,0.197532611,0.353861113,0.051932805,-0.022186948,0.376829712,0.289227853,0.532292358,0.318773265,0.368434941,0.114217099,0.212606177,0.110733264,0.33861245,0.128328252,0.059712428,0.160173051,0.403627221,0.035025425,-0.047821057,0.034705712,0.531511224,0.372513963,0.172537792,0.179323687,0.130607335,-0.01556516,0.404252439,0.350173893,0.024492295,0.474457976,0.031471597,0.340573525,0.391172817,0.132731821,0.008425453,0.15925062,0.514766095,0.008310114,0.427361966,0.258677354,-0.068833747,0.231604153,-0.099623013,0.053898607
Cebuano,-0.140385496,-0.222939588,-0.01541106,-0.27163515,-0.182625591,-0.144478117,0.203812679,-0.039202082,-0.278340491,-0.16523372,-0.248691782,1,0.059947299,0.423529412,-0.244773358,-0.10297121,-0.128337959,-0.081637373,-0.429186783,-0.069440028,-0.159985198,-0.138714793,0.035771556,-0.184038486,-0.247354727,-0.143794629,-0.246515679,-0.068360355,-0.037599773,-0.123230264,-0.141045489,0.044693706,0.02348297,-0.220494746,-0.300433513,-0.293358135,-0.092753623,-0.458187035,-0.232811759,-0.300812106,0.010630499,-0.006303845,-0.332110148,-0.224490425,-0.297655454,-0.041765481,0.019216556,-0.186522498,-0.043205575,0.011628346,-0.029659644,0.184474774,0.124814998,-0.088922294,-0.217112299,-0.0315197,-0.091091307,-0.221162186,-0.132926829,-0.149960358,0.122874494,-0.09739253,-0.077205882,-0.163784301,-0.330198279,-0.100333704,-0.256514634,0.335084266,0.206160137,-0.273714075,-0.223581848,-0.145128272,0.097406275,-0.046086957,-0.099834481,-0.292392612,-0.086032389,0.122558407,-0.069772359,0.119241956,0.258121258
Chinese,0.2602118,0.239073803,0.221832846,-0.051725814,0.340018293,0.17078277,-0.010853639,0.360633709,0.112659756,0.283745837,0.184937614,0.059947299,1,0.075384615,0.132069036,0.486559548,0.200511049,0.492147026,0.185774455,0.503121977,0.432137668,0.27192195,0.133442145,0.292078118,0.233539839,0.346641187,0.155439877,-0.043542158,0.14599694,0.194781053,0.574213244,0.305881576,0.555063085,0.263688614,0.498063913,-0.052630916,0.238414217,0.325748307,0.223593144,0.0531136,-0.063529412,0.20654642,0.432877513,0.454983117,0.202913299,0.205624467,0.279905545,0.100731563,0.337252357,0.115749283,-0.060072406,0.146995439,0.314565936,0.547980156,-0.023950737,0.236952639,0.068921004,0.234273849,0.279837144,0.266583205,0.25817028,0.01766302,-0.03997114,0.371528725,0.168415007,0.092268789,0.172252099,0.095679625,-0.088270796,0.436739041,0.225454494,0.0992729,0.241297558,0.507960826,0.243755725,0.27401674,0.242747534,0.173833308,0.197600429,0.088165828,-0.000152823
Croatian,0.061050061,-0.130769231,0.103508772,-0.366357069,0.26984127,0.095379296,0.42,0.109589044,-0.424901186,0.141180999,0.316849817,0.423529412,0.075384615,1,0.18,0.442002442,-0.019148573,0.231990232,0.082417582,0.230769231,0.446837607,-0.208116949,0.286935287,0.088904087,-0.122051282,-0.086555108,-0.065666451,0.180519481,-0.120769231,-0.263404999,0.126837607,0.177435897,0.227996115,-0.007863248,0.2783738,-0.07518797,0.04,0.066153846,0.297058824,-0.021428571,0.114551084,0.260248232,-0.053076923,0.022905983,-0.249350649,-0.193846154,0.461350041,-0.176623377,0.079616036,0.132411067,-0.087826087,0.09552464,0.003459353,0.20957265,-0.371215481,-0.407826087,-0.263125763,0.003462204,-0.036153846,-0.020388537,0.135064935,0.027826087,-0.254901961,0.196923077,0.042307692,-0.197802198,-0.098000306,0.531578947,0.202710333,0.383247863,-0.104635509,-0.020779221,0.114624506,0.626373626,0.026956522,-0.152846643,-0.033314512,0.012991232,-0.180854701,-0.104743083,0.284848485
Czech,0.261251869,0.276584803,-0.011320425,0.087579789,0.180177086,0.094860099,0.14750672,0.483841724,0.171247454,0.527859599,0.422549484,-0.244773358,0.132069036,0.18,1,0.238942176,0.399803265,0.336742177,0.274818739,0.22686115,0.343092169,0.241454008,0.355690501,0.157459109,0.403581838,0.265201763,0.323831064,0.16727549,0.355334977,0.32445845,0.37783433,0.349434484,0.297609162,0.398326509,0.393927742,0.102448672,0.176402545,0.237436928,0.239507491,0.323208606,0.020722464,0.301043155,0.387933522,0.474876361,0.199299116,0.142630042,-0.120980719,0.055898568,0.036865181,0.193497544,0.195496316,0.06051601,-0.187665821,0.132790603,0.118709241,0.05870054,0.364075632,0.445609285,0.461294925,0.57453451,0.077631909,0.186793592,0.075120901,0.587864768,0.248082562,0.061127127,0.391626176,-0.25887272,0.171325746,0.304105815,0.051694652,0.223483546,0.177817826,0.397329978,0.126842509,0.555401649,0.205268177,-0.182022816,0.203230688,-0.013033147,0.052406926
Danish,0.399308807,0.310635117,0.218506341,0.103974406,0.239073439,0.267986959,0.260825112,0.433487264,0.034943284,0.49474607,0.334912452,-0.10297121,0.486559548,0.442002442,0.238942176,1,0.372699819,0.615149316,0.228232053,0.388272602,0.62617687,0.298816702,0.189007923,0.203844124,0.257390435,0.290941169,0.247903267,0.114565966,0.239490352,0.158759666,0.36781246,0.324218003,0.484734704,0.369959826,0.626736999,0.03791339,0.388863695,0.363411549,0.407014201,0.185468961,-0.005926702,0.242848606,0.574278728,0.425055358,0.279772892,0.418672256,0.325500106,0.095134655,0.233839855,0.132831554,-0.041723629,0.036844569,0.138783379,0.670399314,-0.006887164,0.04998449,0.082052971,0.385556272,0.443372155,0.366696753,0.332453256,0.083268864,0.043435462,0.36177001,0.13743093,-0.225396092,0.30045099,0.097882166,0.108124449,0.542561339,0.152000516,0.124418147,0.095152146,0.624607159,0.192663728,0.438505769,0.323740619,0.017911382,0.286164083,-0.123252325,0.250858149
Dutch,0.368202422,0.146942415,0.027046114,0.092055467,0.041014475,0.141592211,0.127511193,0.396676901,0.113593427,0.431581001,0.333883623,-0.128337959,0.200511049,-0.019148573,0.399803265,0.372699819,1,0.496652853,0.377872856,0.345660793,0.447266514,0.409555021,0.265209915,0.130739766,0.404236748,0.27703898,0.232206587,0.083498895,0.332440669,0.174706452,0.331614973,0.461780028,0.226355618,0.323267916,0.419622671,0.127954761,0.101987266,0.043801936,0.489609641,0.078621107,-0.075091959,0.258744786,0.381902305,0.409084954,0.33645939,0.228542747,-0.087940061,0.094072667,0.060379447,0.372537355,0.07308113,0.321126438,-0.15107215,0.393052726,-0.158794124,0.084990755,0.304447143,0.451358167,0.402419983,0.398111196,0.073329594,0.260601725,-0.001607271,0.437211973,0.181701706,-0.283500536,0.413761339,-0.135042297,0.111613569,0.351627487,-0.102906272,0.13399875,-0.038667733,0.560477373,0.232276289,0.555556974,0.281458742,-0.039050964,0.36530605,-0.000995913,0.152568561
English,0.402968304,0.376445281,0.443585809,0.18150735,0.350215299,0.354970702,0.256437605,0.506841239,0.145732845,0.371992047,0.323221166,-0.081637373,0.492147026,0.231990232,0.336742177,0.615149316,0.496652853,1,0.247044878,0.625136817,0.71013235,0.432807124,0.277813209,0.286749121,0.170052172,0.407861889,0.356683549,0.123324255,0.167425361,0.384958068,0.555866618,0.482335347,0.512368301,0.403249691,0.62916142,0.011752851,0.37156587,0.356437749,0.382349129,0.050939789,0.10075188,0.054313422,0.536942955,0.425802303,0.220986378,0.442914648,0.077996303,0.042287225,0.319345296,0.206769033,0.170021742,0.294552806,0.153896458,0.602945615,0.027294778,0.403835029,0.246442724,0.472689987,0.383251514,0.410089554,0.236541046,0.186057993,-0.001222562,0.457591334,0.263617868,-0.14786846,0.338710579,0.004183779,0.194218246,0.528814793,0.171693955,0.274721545,0.209021977,0.69811403,0.32408598,0.442156621,0.370942861,0.079916019,0.404179541,-0.000655609,0.287621765
Esperanto,0.374945646,0.277690262,0.159624521,0.20404327,0.182317367,0.123018203,0.20160602,0.325910219,0.015362004,0.437265861,0.35852225,-0.429186783,0.185774455,0.082417582,0.274818739,0.228232053,0.377872856,0.247044878,1,0.236033342,0.248865438,0.24713087,0.304333577,0.039946061,0.321688454,0.204474234,0.091992774,-0.010243147,0.190779904,0.199921507,0.23678602,0.108752603,0.131226254,0.197836355,0.294270553,-0.038580189,-0.063161354,0.166770731,0.307428654,0.085083042,0.156552565,0.232393315,0.249450928,0.382683844,0.362721277,0.095840811,-0.093729738,0.442282012,-0.056776429,0.227561161,0.000604678,0.165756603,0.007121423,0.464594527,-0.03223245,-0.05329007,0.227560408,0.162954626,0.517420808,0.342540012,0.066678668,0.123375377,0.032864951,0.418109471,0.235219394,0.212631979,0.214016659,-0.277100816,0.143072958,0.387355769,0.113877788,0.058273368,-0.081294015,0.258312668,0.102309624,0.40496001,0.380544747,0.018224278,0.212614474,-0.073936967,0.268619252
Estonian,0.26755609,0.301648253,0.278268281,0.080014027,0.379542182,0.425873145,0.126657619,0.487249256,0.131617239,0.308821956,0.203978777,-0.069440028,0.503121977,0.230769231,0.22686115,0.388272602,0.345660793,0.625136817,0.236033342,1,0.520250145,0.444798175,0.221015763,0.310665097,0.144092352,0.382085445,0.290432924,-0.074190366,0.123161985,0.24856388,0.540305306,0.513296676,0.558906112,0.330562049,0.539311169,-0.057300203,0.311881158,0.274149217,0.434315988,0.12164614,0.117564193,0.017379032,0.399993925,0.309129349,0.209296019,0.41241163,0.123120889,0.172909655,0.334156008,0.178081832,0.101096407,0.305172059,0.043480543,0.460825338,-0.031331231,0.427188681,0.235925082,0.395527248,0.226590435,0.445939476,-0.089671891,0.296590861,0.012027624,0.462156534,0.183292333,0.151608893,0.221399342,0.231568514,0.038868268,0.317185349,0.162324852,0.278672971,0.316319504,0.612075511,0.32002351,0.452082722,0.35468804,0.066196272,0.40743695,0.006312631,0.102413906
Finnish,0.41190691,0.184327841,0.220990554,0.007188989,0.303516022,0.327481117,0.153261016,0.457134345,0.031545691,0.475920511,0.302025836,-0.159985198,0.432137668,0.446837607,0.343092169,0.62617687,0.447266514,0.71013235,0.248865438,0.520250145,1,0.387232729,0.192655314,0.245572821,0.2163089,0.390987872,0.249567864,0.007800518,0.119259878,0.06339511,0.569293311,0.438764548,0.342382966,0.42763009,0.671242202,0.095676213,0.260724566,0.28476992,0.454721012,0.064570104,0.063863242,0.122500001,0.578308984,0.36916248,0.129396279,0.293525311,0.061644494,-0.059102981,0.290495393,0.192224821,0.098325315,0.140825462,0.119991962,0.551414293,-0.048588787,0.283239853,0.251871669,0.355450944,0.473116149,0.486327238,0.20826942,0.078683699,-0.031930602,0.393412555,0.083182591,-0.031918359,0.272849768,-0.035490876,0.002438543,0.568937862,0.118747473,0.260839382,0.02865669,0.742436325,0.390680101,0.416871767,0.409225748,0.077451784,0.296192048,-0.095326551,0.278918576
French,0.135580799,0.31617443,0.105481194,0.300772974,0.23508378,0.144682949,0.181016569,0.288232564,0.192010383,0.245649094,0.234890766,-0.138714793,0.27192195,-0.208116949,0.241454008,0.298816702,0.409555021,0.432807124,0.24713087,0.444798175,0.387232729,1,0.380005351,0.204252662,0.21077933,0.348723223,0.26442571,-0.099335136,0.269020242,0.34603396,0.380558638,0.368538079,0.287428166,0.403365562,0.373641397,0.070735922,0.233431486,0.135014867,0.022455601,0.194388854,-0.114215897,0.279139232,0.213224564,0.253924085,0.41346007,0.242597589,-0.024945711,0.048113928,0.370464228,0.153130862,0.16310255,0.120986454,0.079069869,0.269463952,0.109549751,0.266987326,0.352478613,0.489714964,0.253443694,0.360608509,-0.023321611,0.345245675,-0.072009669,0.376155231,0.074185542,0.01963368,0.386634727,-0.028899753,-0.028718444,0.134060284,0.017314922,0.235704787,0.250833282,0.485856542,0.25219333,0.350452388,0.200330194,-0.041170871,0.234456406,0.0872828,0.318709878
Galician,0.283220191,0.315071505,0.195567941,0.204243257,0.119919545,0.194308951,0.139560359,0.421827159,0.258139722,0.293907253,0.525356593,0.035771556,0.133442145,0.286935287,0.355690501,0.189007923,0.265209915,0.277813209,0.304333577,0.221015763,0.192655314,0.380005351,1,0.095313573,0.302743611,0.230171572,0.254950808,0.052620445,0.351902257,0.274245969,0.247326384,0.19480006,0.308755321,0.426147788,0.140069002,-0.149185341,0.117540379,0.149419618,0.083232048,0.110933231,0.123580087,0.306034397,0.257273656,0.465895544,0.373872363,0.140893866,-0.105610983,0.095263072,0.269454552,0.409002476,0.269707574,0.101610706,0.117059184,0.284835034,0.100590333,0.045711438,0.061615246,0.451969482,0.246526877,0.255525807,0.046876688,0.296594386,0.006195389,0.439056826,0.149908281,0.111235841,0.431716643,-0.180630733,0.115959053,0.049775815,-0.009350121,0.256765231,0.31023418,0.450126318,0.090980332,0.31434851,0.049732558,0.249151934,0.344090329,0.131233115,-0.055789412
Georgian,0.012384356,0.124642506,0.039082355,0.11563766,0.296240736,0.336513667,0.090460436,0.214311388,0.271634484,-0.024380772,0.015381734,-0.184038486,0.292078118,0.088904087,0.157459109,0.203844124,0.130739766,0.286749121,0.039946061,0.310665097,0.245572821,0.204252662,0.095313573,1,-0.064532868,0.252340301,0.054979445,-0.084283126,0.113500816,0.286238001,0.309731588,0.349850774,0.210241056,0.127221683,0.268533956,0.147758776,0.230747697,0.281662177,0.127284207,0.140695954,-0.039323046,0.096716527,0.149791663,0.079495816,0.131319279,0.132278346,-0.104077364,-0.099903043,0.458994953,0.121984272,0.018742951,0.377669404,0.012195655,0.041724074,0.076850776,0.166798683,0.215687233,0.180282474,0.112182507,0.277195908,0.130522923,0.112636047,0.118081307,0.343576826,0.043698143,0.139817278,-0.006335941,0.180438535,-0.313290391,0.174032002,0.270373358,0.387527996,0.299450108,0.177784032,0.360379387,0.142635189,0.143778749,0.297475817,0.314861048,0.26895666,-0.01872373
German,0.383293995,0.230485342,0.121136232,0.133692225,0.065323252,0.110291549,0.013031602,0.268392962,0.075026026,0.478729009,0.460724001,-0.247354727,0.233539839,-0.122051282,0.403581838,0.257390435,0.404236748,0.170052172,0.321688454,0.144092352,0.2163089,0.21077933,0.302743611,-0.064532868,1,0.31152939,0.063719694,0.013018228,0.238199441,0.08620984,0.07634629,0.092390634,0.179953306,0.308598687,0.235665439,-0.037909547,-0.023774146,0.157660277,0.243173163,0.15081141,0.15346874,0.256143368,0.288836991,0.555379594,0.516626278,0.134921893,0.080514686,0.310289168,-0.07506102,0.083355934,-0.057324599,0.077135302,-0.05943903,0.352852091,0.004904725,0.005868741,0.08849595,0.384238346,0.33489162,0.217741821,-0.090945095,0.033955073,0.009431058,0.411440519,0.252472803,-0.049843876,0.408539185,-0.209448181,0.159353227,0.401618341,-0.05268741,-0.060080655,-0.065521317,0.138772205,-0.091927251,0.424096673,0.15805094,-0.101111633,0.117574517,-0.025418542,0.01439282
Greek,0.249884828,0.270782426,0.301242474,0.174924244,0.140517499,0.066806543,-0.025422949,0.37301298,0.117019229,0.411078166,0.225833691,-0.143794629,0.346641187,-0.086555108,0.265201763,0.290941169,0.27703898,0.407861889,0.204474234,0.382085445,0.390987872,0.348723223,0.230171572,0.252340301,0.31152939,1,0.39590661,-0.089549943,0.204812359,0.20216663,0.39784631,0.423704347,0.198193454,0.100775876,0.373128717,-0.123773654,0.134972932,0.161321193,0.3014811,-0.034960288,0.343916944,0.094317848,0.338974934,0.375428103,0.239735436,0.190726772,0.181305089,0.227224098,0.294785096,0.142812774,-0.119029635,-0.015589829,0.290701817,0.387712164,0.129932496,0.348469232,0.267542874,0.350394831,0.460153549,0.336870691,0.108539626,0.166561713,0.110149007,0.332159068,0.149128003,0.067206958,0.223064041,-0.031440425,0.144729433,0.408152664,0.128850123,0.171124117,0.142142109,0.320022269,0.132459879,0.443812973,0.23553439,0.073267621,0.285032652,-0.089854817,0.293946809
Gujarati,0.146347362,0.333731864,0.246670153,0.102956031,0.034892331,0.196143479,0.174100496,0.422309105,0.271601382,0.218518135,0.421892586,-0.246515679,0.155439877,-0.065666451,0.323831064,0.247903267,0.232206587,0.356683549,0.091992774,0.290432924,0.249567864,0.26442571,0.254950808,0.054979445,0.063719694,0.39590661,1,0.102525853,0.259092205,0.3000167,0.404369875,0.370638745,0.274321283,0.40718554,0.422488314,-0.029006174,0.233473483,0.20570155,0.314020218,0.059123344,0.072870785,0.010697352,0.267140775,0.308351572,0.205890525,0.195239205,0.201956976,0.07056616,0.164652582,0.225204921,0.166083989,-0.029078263,0.160871604,0.216216216,0.192616311,0.100402921,0.349460069,0.385240784,0.267340901,0.387876839,-0.019899208,0.354531921,0.110319238,0.309705686,0.061681898,0.083968889,0.352260512,-0.033849217,0.130731056,0.06952304,0.008513281,0.02955175,0.148097894,0.53393397,0.298444526,0.491514815,0.322140926,-0.117131334,0.160226886,-0.080072598,-0.060854303
Haitian,0.10840742,0.192101382,0.202251349,-0.13441352,-0.170497552,-0.143552935,0.083749476,0.243469242,0.106319631,0.011962745,-0.002432736,-0.068360355,-0.043542158,0.180519481,0.16727549,0.114565966,0.083498895,0.123324255,-0.010243147,-0.074190366,0.007800518,-0.099335136,0.052620445,-0.084283126,0.013018228,-0.089549943,0.102525853,1,-0.099416765,0.156209698,0.136035536,0.1904913,-0.009879224,0.062743837,0.031275864,0.099905008,0.211422127,-0.127775554,-0.083064296,-0.083670819,-0.208368516,0.170655033,0.052342446,-0.026309875,-0.027332172,0.038535083,0.03937148,-0.308777611,-0.09517864,-0.02979878,0.07681791,0.093562628,-0.074667391,0.08188553,-0.188783987,-0.212836459,0.010392064,-0.242948843,0.044390686,0.007475198,0.112199602,-0.128147788,-0.17204214,-0.032761014,0.069519843,-0.315608513,-0.158370024,-0.014120668,0.293481045,0.197065689,-0.070029224,0.058207665,0.078058221,0.141904601,0.115276851,0.065900025,-0.1547492,-0.011043654,-0.173073183,0.00370062,0.062777972
Hebrew,0.163752548,0.235972263,0.031995968,0.156863493,0.156621589,-0.082773656,0.210806433,0.327495286,0.222273214,0.281123138,0.355433519,-0.037599773,0.14599694,-0.120769231,0.355334977,0.239490352,0.332440669,0.167425361,0.190779904,0.123161985,0.119259878,0.269020242,0.351902257,0.113500816,0.238199441,0.204812359,0.259092205,-0.099416765,1,0.199445329,0.280561892,0.275259314,0.345387117,0.292841672,0.199650053,-0.112671215,0.053669909,0.185339513,0.148688706,0.114118021,0.154869382,0.127131263,0.203380919,0.285711287,0.474042507,0.146369193,-0.198426898,0.101613186,0.146135187,0.332947132,0.054234399,0.17310109,0.011495635,0.150080813,0.054263714,-0.015843035,0.188222206,0.346816244,0.252173528,0.22345348,0.254803688,0.033447543,-0.13099486,0.369847158,0.203203291,0.155954538,0.227038145,-0.071092407,0.044470329,0.082229055,0.067741438,0.094433639,0.192014048,0.397368266,0.203674842,0.461180589,0.071602284,0.173462372,0.135778369,0.087251306,-0.294801074
Hindi,0.169379009,0.297169084,0.214685468,0.442834981,0.158830642,0.212278107,0.171332587,0.438347881,0.336908618,0.227873,0.326110187,-0.123230264,0.194781053,-0.263404999,0.32445845,0.158759666,0.174706452,0.384958068,0.199921507,0.24856388,0.06339511,0.34603396,0.274245969,0.286238001,0.08620984,0.20216663,0.3000167,0.156209698,0.199445329,1,0.372513063,0.396448032,0.265717055,0.207026192,0.271361144,-0.208854606,0.291255937,0.205226089,-0.045617052,0.123527497,0.26513219,0.021587615,0.117447413,0.150342122,0.166085446,0.414297668,-0.154804271,-0.027000701,0.43020474,0.238109526,0.20893092,0.369297375,0.252643455,0.186309113,0.253677868,0.234937104,0.353512291,0.371940385,0.145959164,0.185140393,0.413651286,0.267322261,-0.057197743,0.198520767,0.217987837,-0.024693223,0.2646778,0.282403173,-0.030598752,0.151105853,0.330637251,0.274240255,0.285403574,0.256146222,0.264652103,0.364321162,0.276313636,0.223304621,0.457964039,0.026390776,0.032947463
Hungarian,0.21271216,0.25049106,0.102874559,-0.084952804,0.24298835,0.118975026,0.104078677,0.481516752,0.253785791,0.364515456,0.243347733,-0.141045489,0.574213244,0.126837607,0.37783433,0.36781246,0.331614973,0.555866618,0.23678602,0.540305306,0.569293311,0.380558638,0.247326384,0.309731588,0.07634629,0.39784631,0.404369875,0.136035536,0.280561892,0.372513063,1,0.493977545,0.459421953,0.384528004,0.636581764,-0.072597816,0.22411946,0.1578768,0.320014432,0.215280718,0.172878828,-0.093629921,0.406462853,0.337674097,0.132265225,0.299094187,-0.063656079,-0.079207921,0.365850458,0.320432602,0.022945176,0.285395389,0.189871568,0.478264438,-0.161787254,0.164959171,0.395946475,0.321170906,0.240848952,0.496719138,0.207234237,0.109254536,-0.128826303,0.36206336,0.10039641,0.015665957,0.227878846,-0.026284308,-0.136759479,0.311790282,0.16100007,0.338266861,0.235905104,0.639523431,0.419948192,0.410477004,0.327547813,0.240110223,0.305055046,0.006432643,-0.136144193
Icelandic,0.181618447,0.307470333,0.085008664,0.180640795,0.211977919,0.24270953,0.175122337,0.311475482,0.203604849,0.325685226,0.191554078,0.044693706,0.305881576,0.177435897,0.349434484,0.324218003,0.461780028,0.482335347,0.108752603,0.513296676,0.438764548,0.368538079,0.19480006,0.349850774,0.092390634,0.423704347,0.370638745,0.1904913,0.275259314,0.396448032,0.493977545,1,0.306194125,0.308804558,0.480500174,-0.051020302,0.282929745,0.203550541,0.178672717,0.213610263,0.141076466,0.037581403,0.192604817,0.211043512,0.135837351,0.345409774,0.021926559,-0.093138265,0.354037367,0.247461748,0.1148902,0.255355921,0.102570384,0.307436871,0.101318198,0.208239713,0.415012428,0.35669423,0.338245642,0.40857477,0.180388296,0.204408984,0.087642662,0.356555454,0.051725552,-0.032300862,0.273686645,0.091276861,0.146124874,0.277262516,0.181576295,0.310696627,0.289389306,0.470212966,0.34698602,0.400594175,0.345870083,0.123851256,0.427598706,0.042747091,0.207920795
Indonesian,0.056119632,0.19170182,0.110394323,-0.068503189,0.444404534,0.33317688,0.279605618,0.295672212,0.298418081,0.358549318,0.308640797,0.02348297,0.555063085,0.227996115,0.297609162,0.484734704,0.226355618,0.512368301,0.131226254,0.558906112,0.342382966,0.287428166,0.308755321,0.210241056,0.179953306,0.198193454,0.274321283,-0.009879224,0.345387117,0.265717055,0.459421953,0.306194125,1,0.289919685,0.581820158,-0.119792201,0.281241737,0.474230958,0.218671762,0.089754817,-0.040738653,0.213269206,0.369261789,0.320242788,0.4081726,0.245111956,0.420953245,0.241246821,0.234944289,0.266282066,-0.048221644,0.357642268,0.090368378,0.442974448,0.000986923,0.259655453,0.070050199,0.427692043,0.225209691,0.314087394,0.027240435,0.235706399,-0.145210174,0.419414073,0.261370271,-0.118331131,0.297216045,0.298797032,0.120113107,0.270775283,0.074251098,0.04177866,0.292663955,0.612959401,0.342636701,0.326323622,0.100151526,0.166968455,0.075427506,-0.100534702,-0.175645597
Italian,0.197398897,0.275356843,0.120518339,0.200713013,0.022600312,0.246556556,0.186336189,0.338158891,0.324248191,0.416815514,0.535876252,-0.220494746,0.263688614,-0.007863248,0.398326509,0.369959826,0.323267916,0.403249691,0.197836355,0.330562049,0.42763009,0.403365562,0.426147788,0.127221683,0.308598687,0.100775876,0.40718554,0.062743837,0.292841672,0.207026192,0.384528004,0.308804558,0.289919685,1,0.389971545,-0.007176632,0.259034559,0.189669967,0.347393501,-0.031155961,0.017647458,0.063397532,0.278275572,0.34291381,0.216328673,0.281728073,-0.094381508,0.054823153,0.163264527,0.197910006,0.255853652,0.225908636,0.158229351,0.306435415,0.136425131,0.063023686,0.273123478,0.560761283,0.350378159,0.383736326,0.229011872,0.117159636,-0.038420606,0.444591046,0.076970492,0.274447616,0.587837596,0.009225374,0.207824867,0.19731237,0.16383271,0.161039614,0.322107364,0.500398706,0.13507352,0.480614574,0.359192174,-0.074435071,0.287547014,0.107857266,-0.006935202
Japanese,0.34423355,0.266277043,0.204369657,0.090243902,0.39230241,0.379718714,0.364431722,0.469629151,0.243404679,0.446526079,0.369744566,-0.300433513,0.498063913,0.2783738,0.393927742,0.626736999,0.419622671,0.62916142,0.294270553,0.539311169,0.671242202,0.373641397,0.140069002,0.268533956,0.235665439,0.373128717,0.422488314,0.031275864,0.199650053,0.271361144,0.636581764,0.480500174,0.581820158,0.389971545,1,-0.184650081,0.094099623,0.254699569,0.59702399,0.14328624,0.02444801,0.049805705,0.471852212,0.483632133,-0.039678663,0.229141705,0.096846052,0.027954946,0.215322821,0.080726103,0.194411834,0.211859637,0.228754445,0.495326485,-0.003854812,0.381809888,0.316081709,0.398193817,0.414334051,0.399977129,0.181825046,0.251415036,-0.054130119,0.358057163,0.106597093,-0.132355637,0.293089554,0.077415531,0.078543854,0.485418548,0.247980632,0.064713203,0.145439736,0.727425516,0.573923082,0.456793921,0.350644673,-0.048742411,0.345761856,-0.062233499,0.352534003
Javanese,0.030329072,-0.077387998,-0.090273158,-0.089740031,-0.036364775,-0.113339334,-0.153233584,-0.207154459,-0.350492672,-0.108717277,0.026595134,-0.293358135,-0.052630916,-0.07518797,0.102448672,0.03791339,0.127954761,0.011752851,-0.038580189,-0.057300203,0.095676213,0.070735922,-0.149185341,0.147758776,-0.037909547,-0.123773654,-0.029006174,0.099905008,-0.112671215,-0.208854606,-0.072597816,-0.051020302,-0.119792201,-0.007176632,-0.184650081,1,0.035930731,0.015098231,-0.016653303,-0.170361373,-0.382006881,0.285908474,0.10773105,-0.090994489,0.237197641,0.019440947,-0.058379277,0.144052452,-0.247994685,-0.095141504,-0.212285931,-0.167209702,-0.324199063,-0.14992485,-0.183115608,-0.100251582,-0.058951236,-0.030968833,-0.051720035,0.086301767,-0.080126358,-0.115210138,-0.049398705,-0.045462729,-0.244220599,-0.110897406,0.076791399,-0.046849171,-0.099312261,0.097927161,-0.073357494,-0.001290167,-0.074166482,-0.018967853,-0.004495214,0.028130475,-0.188377899,-0.190864047,-0.3108176,0.036786653,0.263071458
Kannada,-0.021422175,0.275181724,0.248496048,0.163404358,0.228213504,0.355417003,0.044798568,0.254285267,0.287543706,-0.07947538,0.114125307,-0.092753623,0.238414217,0.04,0.176402545,0.388863695,0.101987266,0.37156587,-0.063161354,0.311881158,0.260724566,0.233431486,0.117540379,0.230747697,-0.023774146,0.134972932,0.233473483,0.211422127,0.053669909,0.291255937,0.22411946,0.282929745,0.281241737,0.259034559,0.094099623,0.035930731,1,0.372756311,-0.068702752,0.133399118,-0.031452581,0.213970541,0.367712698,0.06022432,0.090014095,0.23868237,0.275253238,-0.0068485,0.369783921,0.095240946,0.18638304,-0.058159083,-0.042373286,0.276523104,0.26473279,0.147835798,-0.015743949,0.202644888,0.090708545,0.224896149,0.174210851,0.133911807,0.045675745,0.198459299,0.119754749,-0.129641051,0.266343708,0.167162241,-0.137032473,0.234159727,0.043042737,0.246689104,0.346480571,0.209827515,0.066516601,0.166126065,0.13658282,0.179249215,0.140030213,-0.020297154,0.218136238
Kazakh,0.085692878,0.324648814,0.084162326,0.161513763,0.400284563,0.30284348,0.071178256,0.140180109,0.206117356,0.243143139,0.197532611,-0.458187035,0.325748307,0.066153846,0.237436928,0.363411549,0.043801936,0.356437749,0.166770731,0.274149217,0.28476992,0.135014867,0.149419618,0.281662177,0.157660277,0.161321193,0.20570155,-0.127775554,0.185339513,0.205226089,0.1578768,0.203550541,0.474230958,0.189669967,0.254699569,0.015098231,0.372756311,1,0.169381845,0.163349101,0.199332517,0.145233723,0.402142622,0.334899162,0.270247376,0.237801662,0.186726387,0.144745888,0.234946613,-0.102226351,-0.039087372,0.215164937,-0.050081416,0.310272582,0.187257608,0.342337027,0.066419748,0.159975157,0.269225298,0.215169241,0.034450908,0.197458586,0.070749137,0.339950825,0.280534918,0.184666626,0.183741689,-0.049990395,0.06117128,0.253864998,0.219878283,0.007146135,0.092440352,0.4529249,0.28771238,0.235178977,0.14518469,0.078391839,0.146895977,-0.07348292,0.221560181
Khmer,0.37251015,0.126103786,0.096209032,0.097646292,0.132991913,0.223540964,0.140943143,0.423494606,0.085400405,0.439086349,0.353861113,-0.232811759,0.223593144,0.297058824,0.239507491,0.407014201,0.489609641,0.382349129,0.307428654,0.434315988,0.454721012,0.022455601,0.083232048,0.127284207,0.243173163,0.3014811,0.314020218,-0.083064296,0.148688706,-0.045617052,0.320014432,0.178672717,0.218671762,0.347393501,0.59702399,-0.016653303,-0.068702752,0.169381845,1,-0.126786461,0.138636805,-0.021821693,0.541008292,0.388934805,0.02117563,0.037510007,0.165838747,0.388263726,-0.009439498,0.167911882,-0.017499647,0.310286132,0.055967212,0.339519782,0.158515621,0.18006325,0.095048255,0.328428608,0.340219483,0.520759068,-0.124258796,0.200358328,0.100212573,0.399740775,0.132610273,0.111561091,0.208897172,0.018721128,0.294122672,0.287940832,0.110544355,0.128961369,-0.026533997,0.59342284,0.174552531,0.497684355,0.48393265,-0.134797012,0.301012033,-0.263469889,0.130898024
Kirghiz,0.081136244,0.316396602,0.020649863,0.042610711,0.262017589,0.185403322,-0.014570685,0.168690901,0.153316316,0.053685401,0.051932805,-0.300812106,0.0531136,-0.021428571,0.323208606,0.185468961,0.078621107,0.050939789,0.085083042,0.12164614,0.064570104,0.194388854,0.110933231,0.140695954,0.15081141,-0.034960288,0.059123344,-0.083670819,0.114118021,0.123527497,0.215280718,0.213610263,0.089754817,-0.031155961,0.14328624,-0.170361373,0.133399118,0.163349101,-0.126786461,1,0.127035202,0.200055018,0.076613006,0.071570364,-0.091863198,0.162224535,0.355990319,-0.257948258,0.353586829,0.195487412,0.131984705,0.128410184,-0.122116075,0.079869371,-0.085568034,0.07152191,0.251691291,0.13642045,-0.013254574,0.180300374,-0.004705367,0.210238187,-0.01524523,0.010053791,0.263865503,0.119627703,0.136209362,0.217893994,-0.271448345,-0.072230622,-0.001710005,0.238811756,-0.124485292,-0.056099153,0.010476298,0.09655409,-0.002944952,0.015893101,0.174337044,-0.031329082,0.092174567
